5000 0.09263501955569531
10000 0.0741527541356728
15000 0.06670857100586769
20000 0.020537985146343196
25000 0.033568913985793536
30000 0.054883505162186985
35000 0.030413507293539865
40000 0.040999757050815155
45000 0.031032915249461723
50000 0.005209151930541722
55000 0.0420624052181946
60000 0.002064913494336018
65000 0.0587657756985589
70000 0.031987614144159515
75000 0.008098992824631779
80000 0.02131946361700532
85000 0.038642300451293465
90000 0.011292965655016474
95000 0.0019106059014344368
