id 	 time 	 result 	 epsilon
0 	 52.0 	 3.2225544433926103 	 0.004496163392610164
1 	 19.0 	 3.2291759989632514 	 0.0111177189632512
2 	 13.0 	 3.2201183357657897 	 0.0020600557657894925
3 	 11.0 	 3.220729086444726 	 0.0026708064447258373
4 	 10.0 	 3.2171229743783796 	 9.353056216205857E-4
5 	 10.0 	 3.234822484452776 	 0.01676420445277582
6 	 9.0 	 3.238557206862082 	 0.020498926862081657
7 	 10.0 	 3.208417979892239 	 0.009640300107760957
8 	 10.0 	 3.2176522283703295 	 4.060516296706673E-4
9 	 10.0 	 3.2136700817990693 	 0.004388198200930837
10 	 9.0 	 3.2120501077454384 	 0.006008172254561739
11 	 9.0 	 3.2155910741238847 	 0.002467205876115486
12 	 10.0 	 3.217100111415974 	 9.581685840260867E-4
13 	 10.0 	 3.226317624360309 	 0.008259344360308951
14 	 9.0 	 3.2286429461488373 	 0.01058466614883713
15 	 9.0 	 3.218682802376895 	 6.245223768948094E-4
16 	 10.0 	 3.219250905954147 	 0.0011926259541468198
17 	 10.0 	 3.2149283414714716 	 0.0031299385285286085
18 	 9.0 	 3.2161597924692407 	 0.0018984875307594962
19 	 10.0 	 3.22259036552851 	 0.0045320855285098105
20 	 10.0 	 3.213992731217994 	 0.0040655487820062675
21 	 10.0 	 3.223999675368334 	 0.005941395368334046
22 	 9.0 	 3.21679853796464 	 0.0012597420353599453
23 	 10.0 	 3.20996512832599 	 0.008093151674010368
24 	 10.0 	 3.2220771932130767 	 0.004018913213076569
25 	 9.0 	 3.2135743960908423 	 0.004483883909157882
26 	 10.0 	 3.2116247618055325 	 0.006433518194467691
27 	 10.0 	 3.2210666902068006 	 0.003008410206800427
28 	 10.0 	 3.206302633871613 	 0.011755646128387198
29 	 9.0 	 3.217414801403259 	 6.434785967410761E-4
30 	 10.0 	 3.218136811702844 	 7.853170284377597E-5
31 	 10.0 	 3.227610537179824 	 0.009552257179823886
32 	 10.0 	 3.2200932788119445 	 0.002034998811944355
33 	 9.0 	 3.2338153927902114 	 0.015757112790211192
34 	 10.0 	 3.2174142522433833 	 6.440277566168717E-4
35 	 10.0 	 3.229572576247615 	 0.011514296247614908
36 	 10.0 	 3.222159233898932 	 0.004100953898932058
37 	 10.0 	 3.2157390806653785 	 0.0023191993346216577
38 	 9.0 	 3.2150522036422076 	 0.0030060763577925975
39 	 10.0 	 3.2217952740750695 	 0.003736994075069333
40 	 10.0 	 3.213063131991059 	 0.004995148008941186
41 	 10.0 	 3.222738537031624 	 0.004680257031624002
42 	 10.0 	 3.220821138384174 	 0.002762858384173672
43 	 10.0 	 3.2229659555732506 	 0.004907675573250447
44 	 9.0 	 3.2239463540841466 	 0.0058880740841464885
45 	 10.0 	 3.2104560784322422 	 0.007602201567757927
46 	 10.0 	 3.2235400992341754 	 0.005481819234175234
47 	 9.0 	 3.2227888582099147 	 0.0047305782099145155
48 	 10.0 	 3.215185983325222 	 0.002872296674778063
49 	 10.0 	 3.217001598502789 	 0.001056681497211276
