id 	 time 	 result 	 epsilon
0 	 30.0 	 -0.49019867249354676 	 0.00446267249354676
1 	 24.0 	 -0.48471619344851424 	 0.001019806551485758
2 	 13.0 	 -0.4836370604461754 	 0.002098939553824619
3 	 12.0 	 -0.48384941890655836 	 0.0018865810934416416
4 	 15.0 	 -0.4878969221926964 	 0.002160922192696424
5 	 14.0 	 -0.48887684310528123 	 0.0031408431052812325
6 	 13.0 	 -0.4849675093390983 	 7.684906609016773E-4
7 	 11.0 	 -0.48632927878850807 	 5.93278788508067E-4
8 	 12.0 	 -0.49033235826814314 	 0.004596358268143141
9 	 14.0 	 -0.4874066691552526 	 0.001670669155252602
10 	 11.0 	 -0.47805117136049385 	 0.007684828639506147
11 	 11.0 	 -0.4898076431913542 	 0.004071643191354224
12 	 12.0 	 -0.48889865629267004 	 0.0031626562926700408
13 	 21.0 	 -0.4804348587377327 	 0.005301141262267328
14 	 11.0 	 -0.4855078517179851 	 2.28148282014895E-4
15 	 11.0 	 -0.4972961598145845 	 0.011560159814584525
16 	 12.0 	 -0.481072340354544 	 0.004663659645456009
17 	 11.0 	 -0.4886278027582895 	 0.0028918027582894856
18 	 12.0 	 -0.4826158540590555 	 0.0031201459409445076
19 	 12.0 	 -0.49246926560687804 	 0.006733265606878036
20 	 11.0 	 -0.49170242408439163 	 0.0059664240843916305
21 	 13.0 	 -0.4786569156033088 	 0.007079084396691193
22 	 11.0 	 -0.4912762145147609 	 0.005540214514760888
23 	 12.0 	 -0.48064819181158963 	 0.00508780818841037
24 	 13.0 	 -0.4906002687175659 	 0.0048642687175659005
25 	 11.0 	 -0.48036509649853737 	 0.005370903501462632
26 	 12.0 	 -0.4813457012692871 	 0.004390298730712894
27 	 11.0 	 -0.4837486670031653 	 0.0019873329968346787
28 	 14.0 	 -0.4869555810831228 	 0.0012195810831228115
29 	 12.0 	 -0.47583451012373446 	 0.009901489876265546
30 	 12.0 	 -0.48719654597013023 	 0.0014605459701302337
31 	 13.0 	 -0.48584240127904865 	 1.0640127904865126E-4
32 	 12.0 	 -0.48868464198904976 	 0.0029486419890497606
33 	 13.0 	 -0.48955931776820316 	 0.0038233177682031605
34 	 11.0 	 -0.4938864839709712 	 0.008150483970971178
35 	 13.0 	 -0.48019840464646607 	 0.005537595353533931
36 	 12.0 	 -0.4862546456572835 	 5.186456572834897E-4
37 	 12.0 	 -0.4834528245632528 	 0.00228317543674722
38 	 12.0 	 -0.4877682613667851 	 0.002032261366785082
39 	 13.0 	 -0.472285082210718 	 0.01345091778928198
40 	 12.0 	 -0.4787089545826414 	 0.007027045417358602
41 	 12.0 	 -0.49104272669660654 	 0.005306726696606534
42 	 13.0 	 -0.4945347998890129 	 0.008798799889012887
43 	 11.0 	 -0.48991111120715175 	 0.004175111207151749
44 	 12.0 	 -0.48553380113621786 	 2.021988637821437E-4
45 	 11.0 	 -0.47880515338501334 	 0.006930846614986663
46 	 13.0 	 -0.48913320474334554 	 0.003397204743345539
47 	 11.0 	 -0.4837569866480292 	 0.0019790133519708153
48 	 12.0 	 -0.49341359242978355 	 0.007677592429783553
49 	 14.0 	 -0.48591313559681365 	 1.77135596813649E-4
