0.0084490 0.0098327 0.0030413 0.0107468 0.0060675 0.0130185 -0.0159660 -0.0034423 -0.0340016 0.0048026 -0.0161918 0.0159165 0.0318030 0.0135315 -0.0017954 0.0078202 0.0001291 0.0384201 0.0128037 0.0067562 0.0012768 0.0363533 0.0305754 0.0027687 -0.0053999 -0.0424364 0.0058264 0.0054243 -0.0041068 0.0040186 0.0351377 0.0176467 0.0032661 0.0374369 0.0244942 0.0075767 0.0082153 
0.0042158 0.0242153 0.0062245 -0.0249380 0.0097893 0.0119077 0.0074782 -0.0188975 0.0314178 0.0367500 0.0396266 -0.0109714 -0.0300320 0.0071341 -0.0133662 0.0065777 0.0165735 0.0361988 0.0019852 -0.0009281 0.0029592 0.0047506 0.0175865 0.0052343 0.0077428 0.0039808 -0.0025436 0.0101240 -0.0135041 -0.0333092 0.0123996 -0.0090471 0.0055810 -0.0101188 0.0154964 0.0152552 0.0013619 
0.0017185 -0.0063323 0.0097065 0.0008606 -0.0078797 0.0061312 0.0212210 0.0041650 -0.0014528 0.0391260 0.0013975 0.0086687 0.0203852 0.0081259 -0.0077174 0.0065643 -0.0023177 0.0090437 0.0083379 -0.0053803 0.0347924 0.0262096 -0.0174023 0.0111933 -0.0055245 0.0009417 -0.0019138 -0.0451398 0.0018419 0.0122353 0.0059661 0.0063938 0.0066605 -0.0056067 0.0048699 0.0440633 0.0110490 
0.0145007 0.0002151 0.0254047 -0.0100909 -0.0186040 0.0116949 0.0032516 0.0164241 -0.0004676 0.0060415 -0.0121606 0.0062503 -0.0161854 -0.0049686 0.0136467 0.0021472 0.0162475 0.0056388 0.0030391 0.0213131 0.0047021 0.0093665 0.0122473 0.0156524 0.0228208 0.0326357 0.0141149 -0.0007587 0.0171345 0.0129387 0.0126382 0.0023237 0.0057337 0.0186134 0.0035601 -0.0154714 0.0197044 
0.0070161 0.0019906 0.0177219 -0.0098501 0.0133026 0.0018412 -0.0046475 0.0363537 -0.0141910 0.0054911 -0.0026574 -0.0049252 0.0070356 0.0052936 0.0214402 0.0008337 0.0033681 0.0235373 0.0326406 -0.0033896 0.0184963 0.0338964 0.0196776 0.0171103 -0.0212510 0.0099786 0.0238188 0.0142468 0.0008523 0.0009532 -0.0131895 0.0147636 0.0141935 -0.0038528 0.0043505 -0.0026756 -0.0041403 
0.0036601 -0.0008836 0.0349217 -0.0081338 0.0017522 0.0065386 0.0335370 -0.0315580 0.0011753 0.0307737 0.0143714 0.0189909 -0.0178867 0.0149213 0.0182915 0.0154396 0.0237997 0.0151484 0.0229142 0.0348110 -0.0329945 -0.0219991 0.0449161 -0.0063827 0.0333396 0.0056602 0.0004731 -0.0212466 0.0002399 0.0035669 0.0075790 -0.0190787 0.0113299 -0.0305005 0.0168223 0.0043459 0.0054000 
-0.0010804 0.0014173 -0.0019274 -0.0298804 0.0080425 -0.0120387 0.0076322 -0.0045233 0.0075671 0.0137694 0.0363667 0.0063924 0.0290665 0.0152299 -0.0381209 0.0045331 0.0105834 0.0108741 0.0022523 0.0146781 0.0244271 0.0066530 -0.0209644 0.0065515 0.0071826 0.0033732 0.0071689 0.0252320 0.0177234 0.0287606 0.0271134 -0.0086021 0.0036253 0.0208932 -0.0156841 0.0197504 0.0016153 
0.0028715 0.0078261 0.0133102 0.0067778 0.0137141 0.0021944 0.0122595 -0.0018469 -0.0136453 -0.0026955 0.0034282 0.0023287 0.0120220 0.0214729 0.0072826 0.0363134 0.0026375 0.0108793 -0.0036055 0.0306583 0.0095804 0.0085346 0.0121275 0.0278160 0.0192208 0.0263881 -0.0198111 0.0047021 0.0208777 0.0137852 0.0275152 0.0007561 0.0053539 0.0231505 0.0046887 0.0146381 0.0015560 
-0.0053648 0.0302359 0.0200208 0.0133486 -0.0225968 0.0281192 0.0302516 -0.0037434 0.0113686 0.0237924 0.0006220 0.0080883 0.0045779 0.0009477 -0.0072740 0.0149579 -0.0110626 -0.0009292 0.0240586 0.0039802 0.0119283 -0.0396501 0.0336996 -0.0073827 -0.0019424 -0.0036143 0.0016329 0.0035233 0.0020013 0.0277755 0.0005484 0.0042516 -0.0164581 0.0235083 0.0297507 0.0017525 0.0222223 
0.0055437 0.0397828 0.0044255 0.0005836 0.0216262 -0.0280491 0.0037428 0.0104735 0.0122413 0.0020160 0.0188916 0.0142887 0.0003266 0.0163524 -0.0017130 0.0211829 0.0167217 -0.0044688 0.0017564 -0.0055886 0.0006341 0.0021601 0.0019086 0.0141261 0.0280048 -0.0093568 0.0015295 -0.0393890 0.0185670 -0.0189640 0.0282331 0.0149037 0.0022918 -0.0216850 -0.0110885 0.0281006 -0.0187866 
0.0023018 0.0027939 0.0002817 0.0131814 -0.0262890 0.0250523 0.0047359 0.0108480 0.0105558 0.0160235 0.0076651 0.0206350 0.0533097 0.0013005 0.0127033 0.0005460 0.0109155 0.0191133 0.0159564 0.0170972 -0.0069501 -0.0178784 -0.0016309 -0.0001186 0.0312536 -0.0101362 -0.0040167 0.0008312 -0.0122342 -0.0189681 0.0115736 0.0450000 0.0087000 -0.0012484 -0.0088763 0.0246489 0.0147535 
0.0122742 0.0050789 0.0012558 0.0212014 0.0163157 0.0140344 0.0225245 -0.0019219 0.0220307 0.0031234 0.0124553 -0.0108746 0.0001955 -0.0228040 0.0091922 -0.0072436 0.0082278 -0.0250170 0.0239416 -0.0065826 0.0311010 -0.0280552 0.0121595 0.0143895 0.0125644 0.0026885 -0.0195331 0.0044554 0.0303202 0.0077476 0.0009877 0.0243871 0.0015888 0.0058427 0.0122898 0.0200386 0.0194282 
0.0180604 0.0216137 -0.0045774 0.0138634 0.0088080 0.0005332 0.0240880 0.0157400 -0.0038060 0.0151172 0.0049507 -0.0195765 0.0020855 -0.0007934 0.0042391 0.0099742 -0.0069063 0.0141124 -0.0221284 -0.0018449 0.0299713 0.0104530 0.0058448 -0.0025838 0.0052196 -0.0014035 0.0041187 -0.0026607 -0.0040963 -0.0017690 0.0169833 0.0334641 0.0182839 -0.0056286 0.0072150 0.0043919 0.0005179 
0.0111832 0.0072941 -0.0154310 -0.0025253 -0.0053190 0.0075118 0.0003817 0.0130045 0.0527816 0.0186630 0.0224961 0.0002077 0.0214009 0.0062457 0.0251575 0.0020344 0.0105402 0.0320697 0.0344892 0.0033205 0.0060120 -0.0064649 -0.0251007 -0.0007027 0.0250078 0.0047515 -0.0329127 0.0248815 0.0180248 0.0412396 -0.0023293 0.0066320 0.0069030 0.0024708 0.0260941 -0.0009143 0.0330352 
0.0150712 0.0039095 -0.0042529 0.0275181 0.0159712 0.0191070 0.0057001 -0.0395783 -0.0220173 0.0024926 0.0336384 0.0357592 0.0038343 -0.0105205 0.0059022 0.0388965 0.0198728 0.0106927 0.0211650 0.0195627 -0.0184412 0.0007756 0.0080858 0.0177551 0.0032975 0.0238129 0.0186582 0.0047641 0.0144562 0.0042921 0.0201013 -0.0092857 0.0098322 0.0005450 0.0134819 0.0111405 0.0093448 
0.0049107 0.0026047 0.0430119 0.0129042 0.0011684 0.0338787 0.0025320 0.0151580 0.0323160 0.0019109 -0.0047932 0.0084238 0.0050275 0.0305527 0.0253662 -0.0016271 0.0065630 -0.0010539 0.0204320 -0.0134770 0.0011294 0.0054695 -0.0262124 0.0088736 -0.0005105 0.0015494 0.0116255 0.0049507 -0.0162801 -0.0082637 0.0016884 0.0049512 0.0102147 -0.0225256 -0.0251637 0.0159672 0.0249633 
0.0033170 -0.0273418 -0.0038465 0.0052919 0.0029433 0.0035140 0.0168980 -0.0144363 0.0083282 0.0054444 0.0156748 0.0015727 0.0229014 0.0139544 0.0355428 -0.0018881 0.0013297 -0.0414436 0.0051997 0.0033635 0.0413761 0.0294481 -0.0100961 -0.0151559 0.0035877 -0.0062801 0.0294179 0.0170447 0.0002807 0.0051757 0.0212371 0.0275043 0.0064616 0.0035107 0.0018826 0.0010052 0.0406198 
-0.0051559 0.0213154 0.0064152 0.0320253 0.0109283 -0.0156739 0.0179216 0.0119711 0.0170275 0.0157135 0.0033528 0.0109521 0.0257406 0.0145687 0.0101984 0.0392992 -0.0017450 0.0080506 -0.0074276 0.0052334 0.0094410 0.0131819 0.0067157 0.0303961 0.0134959 0.0067007 0.0066420 0.0074063 0.0095987 0.0024713 0.0078410 0.0044926 0.0131061 0.0129197 -0.0228291 0.0015310 0.0342214 
0.0050611 0.0301341 0.0016019 0.0000802 0.0025149 0.0174929 0.0109169 0.0030238 0.0130841 0.0107641 0.0071379 0.0088558 0.0022477 0.0107652 0.0297107 -0.0132909 -0.0077185 0.0043130 -0.0274535 0.0063254 0.0026306 0.0047822 0.0051288 0.0231963 0.0396858 0.0023790 0.0036794 0.0181524 0.0012529 -0.0079952 0.0222853 0.0034527 0.0100528 0.0047253 0.0202928 0.0073098 0.0001531 
0.0068370 0.0149400 0.0276136 0.0356912 0.0148026 -0.0005989 -0.0177145 -0.0068512 0.0096840 0.0054685 0.0143458 0.0412616 0.0045672 0.0132596 -0.0013703 0.0119529 0.0012045 0.0018666 0.0045106 0.0048552 0.0092919 0.0217926 -0.0005271 -0.0270577 0.0078657 -0.0204984 0.0111365 0.0033309 0.0096122 0.0062824 0.0037258 0.0341144 -0.0018673 0.0051465 0.0356114 0.0530009 -0.0294621 
0.0048875 0.0117037 0.0130542 0.0074600 0.0087861 -0.0233228 -0.0043728 0.0044401 0.0292520 0.0002648 0.0138490 0.0246206 0.0042904 0.0257892 0.0143681 -0.0086407 0.0160933 -0.0098712 0.0048040 0.0114634 -0.0053366 0.0235310 -0.0265491 0.0228726 -0.0285939 0.0081101 -0.0157797 0.0021290 0.0047213 0.0272727 -0.0125426 -0.0019381 0.0309209 0.0239212 0.0056195 0.0080078 0.0313018 
0.0091029 0.0083110 0.0062705 0.0070318 -0.0027656 -0.0107250 0.0328929 0.0125413 -0.0025266 -0.0094990 0.0105586 0.0105586 0.0318305 0.0118220 -0.0228669 -0.0048034 -0.0020366 0.0139442 0.0011152 0.0123309 0.0100557 0.0047464 0.0091594 0.0048224 -0.0103053 0.0409768 0.0376058 -0.0016204 0.0128410 -0.0299815 0.0156528 0.0139401 0.0203158 0.0144055 -0.0075275 0.0322578 -0.0083497 
-0.0030412 0.0354643 0.0063312 0.0320512 0.0045656 0.0180745 0.0046466 0.0359751 0.0336871 -0.0296909 0.0113568 0.0018071 0.0111114 0.0041985 0.0028166 0.0018166 0.0020798 0.0293658 0.0100893 0.0071296 0.0292009 -0.0282647 -0.0009774 0.0076148 0.0054493 -0.0181393 -0.0001561 0.0178674 -0.0016020 0.0218411 0.0354375 0.0274132 0.0008603 0.0135187 0.0143018 0.0186929 0.0007131 
0.0025325 -0.0124895 0.0200771 -0.0061780 0.0073787 0.0051594 0.0236384 0.0012832 0.0144785 0.0035926 -0.0166496 0.0321054 -0.0101397 0.0274016 0.0208594 0.0195024 0.0000077 0.0064230 -0.0098331 0.0027920 0.0222252 0.0114195 -0.0053908 -0.0134377 0.0301339 0.0023788 0.0106139 -0.0190710 0.0038513 0.0023007 -0.0329005 -0.0401099 0.0020050 0.0003541 -0.0341069 -0.0076452 0.0021182 
-0.0195978 -0.0034339 0.0133414 0.0078099 0.0012986 0.0038358 -0.0332019 -0.0025238 0.0402913 0.0026380 0.0095412 0.0010377 0.0089365 0.0045988 0.0038270 0.0231866 0.0350914 0.0140250 0.0112379 0.0003578 -0.0065384 -0.0014012 -0.0064077 0.0149064 0.0461512 0.0176706 -0.0074498 -0.0005313 0.0015178 0.0126326 0.0238283 0.0197939 0.0070051 -0.0202518 0.0051654 0.0026201 0.0010757 
0.0309584 -0.0224346 0.0020643 -0.0123103 0.0039742 0.0086565 0.0156061 -0.0155994 0.0276285 0.0183437 0.0023473 0.0009975 -0.0181417 0.0163635 0.0060421 0.0460772 -0.0028399 0.0116469 0.0004956 0.0493551 -0.0052153 0.0065313 -0.0352438 -0.0032256 0.0178418 0.0001973 0.0056084 -0.0084043 0.0280815 0.0224534 -0.0072365 0.0062825 0.0013951 0.0103699 -0.0019731 -0.0032374 -0.0059660 
-0.0320362 0.0304953 0.0334327 0.0099235 -0.0379780 0.0282768 0.0237250 0.0000381 0.0133108 0.0003730 0.0020387 -0.0015510 0.0022584 0.0132074 0.0259049 0.0203729 -0.0273911 0.0088723 0.0112348 0.0251089 0.0120689 0.0035630 -0.0133145 0.0146841 0.0210391 0.0005030 -0.0163038 0.0113594 0.0047810 -0.0038401 0.0293313 0.0005332 0.0162247 0.0266658 0.0165268 -0.0118810 0.0062974 
0.0297486 0.0029217 0.0192166 -0.0062930 0.0059013 0.0228600 0.0293631 0.0190730 0.0193560 0.0051413 0.0161939 0.0179673 0.0075074 0.0127324 -0.0001096 0.0025371 0.0012137 0.0054855 0.0458159 0.0119298 0.0036416 0.0051019 0.0168689 -0.0377814 -0.0064691 0.0324298 -0.0194650 0.0055931 0.0010731 -0.0033260 0.0140541 -0.0043062 -0.0003318 0.0097056 0.0252864 0.0196434 -0.0017304 
-0.0169455 0.0090876 0.0008590 0.0224196 0.0128263 0.0163907 0.0205856 0.0127223 0.0126001 0.0283783 0.0235616 0.0033209 -0.0110259 0.0354896 0.0329528 0.0028029 -0.0065480 -0.0033506 -0.0087885 0.0058889 0.0044783 0.0311309 0.0043156 0.0155211 0.0318204 -0.0095790 0.0107200 -0.0017252 -0.0490179 0.0305779 -0.0192209 0.0087549 0.0007104 0.0160889 -0.0074032 0.0073343 0.0084112 
0.0310994 0.0038481 0.0070330 0.0123478 -0.0021901 0.0308165 0.0392000 0.0027514 -0.0017218 0.0066297 -0.0462590 0.0062065 -0.0009369 0.0029665 0.0177505 -0.0055863 -0.0091953 0.0196660 0.0011227 0.0047826 0.0164875 0.0048062 0.0100257 -0.0319341 0.0030876 0.0026777 0.0077112 0.0041766 0.0392626 0.0017879 -0.0021085 0.0160051 0.0093043 0.0058683 -0.0356148 -0.0228997 -0.0307921 
0.0173464 0.0064142 -0.0082445 0.0383603 0.0252215 0.0101104 -0.0253544 -0.0221607 0.0177373 0.0022203 -0.0075918 -0.0000473 -0.0084129 -0.0339343 0.0081265 0.0328491 0.0024555 -0.0020484 0.0015106 0.0143771 0.0243979 0.0075756 0.0221274 0.0078862 0.0014520 0.0221670 0.0158651 0.0039704 0.0351017 0.0006524 0.0048447 0.0294683 0.0027634 0.0097159 0.0106375 0.0107310 0.0023123 
-0.0160972 0.0147280 0.0156510 0.0026415 0.0307976 0.0141634 0.0121354 -0.0038235 0.0332297 0.0271940 0.0402504 0.0215233 0.0042591 0.0019895 0.0349651 0.0011145 0.0144628 -0.0009343 0.0242007 0.0211408 0.0276670 0.0006031 -0.0247125 0.0181346 -0.0013051 0.0251292 0.0101709 0.0253536 0.0098531 0.0168532 0.0026699 0.0207128 0.0005865 0.0136601 0.0011684 0.0073125 0.0358749 
-0.0286311 0.0038418 0.0082452 0.0365482 0.0218953 0.0103278 0.0073880 0.0390558 0.0032876 0.0208744 0.0138644 0.0256793 0.0164695 0.0101639 0.0315926 -0.0001725 -0.0105869 0.0193749 -0.0211626 0.0306237 0.0172092 0.0206147 0.0162155 0.0373364 0.0036004 0.0049551 0.0163064 -0.0159606 0.0257147 0.0091217 0.0009550 -0.0103180 0.0347445 -0.0225423 0.0075606 -0.0005921 0.0037535 
0.0238477 -0.0105985 0.0190663 -0.0043525 0.0012464 0.0006745 0.0231303 -0.0042778 0.0096004 0.0106919 -0.0048406 -0.0141073 -0.0055948 -0.0159987 -0.0052381 0.0044662 -0.0340700 -0.0117516 -0.0051477 0.0363579 0.0030068 0.0025508 -0.0080654 0.0270816 0.0045225 0.0053995 0.0261567 0.0317036 -0.0082048 -0.0125215 0.0273282 0.0027989 0.0034882 -0.0066998 -0.0348706 -0.0096647 0.0021987 
0.0232573 0.0134013 0.0149637 0.0321866 -0.0253724 0.0199106 0.0036476 0.0176402 -0.0026074 0.0052659 0.0059467 0.0034503 0.0302883 0.0217318 0.0193780 0.0047664 0.0131705 0.0053400 0.0254067 0.0041924 -0.0079436 0.0013151 -0.0217861 0.0135729 0.0156454 0.0048087 0.0001085 0.0063859 0.0022406 -0.0043164 -0.0016142 0.0060445 0.0368753 0.0229153 -0.0086504 -0.0152233 0.0086088 
0.0022902 0.0058391 0.0159787 0.0016507 0.0025600 0.0003638 -0.0025740 -0.0073890 0.0050134 0.0167525 0.0485528 -0.0359290 -0.0005022 0.0058223 0.0189680 0.0332820 0.0071036 0.0071376 0.0095047 0.0379396 0.0168497 0.0482233 0.0265198 -0.0074675 0.0157605 0.0258768 -0.0013762 0.0120140 0.0117325 0.0063333 0.0013802 -0.0106717 0.0057713 0.0013580 0.0152888 0.0109565 -0.0285166 
0.0062932 0.0138580 -0.0310776 -0.0018874 0.0241900 0.0155854 0.0021823 0.0226612 0.0011678 -0.0099055 0.0161604 -0.0086973 0.0034372 0.0048414 0.0094410 -0.0414895 0.0000304 0.0181480 -0.0127278 0.0095520 -0.0040970 0.0162277 0.0067304 0.0194096 0.0211200 0.0074732 0.0008574 0.0191882 -0.0366000 0.0011738 0.0050005 0.0041148 0.0474085 0.0117371 0.0023955 -0.0250103 -0.0098676 

7.4795575 4.7013593 2.7524300 6.2176209 -0.2352192 4.4201497 7.0146751 3.2122629 0.8664941 0.1785637 8.0247272 1.0374841 -0.3544477 1.9380416 1.6084205 1.2183720 7.2613768 7.0755268 -0.2509306 -0.8848969 4.4280075 1.3247696 1.5773155 9.2729130 3.1705980 4.5027785 5.1754680 -0.5592207 -0.4993593 1.1495672 5.1108026 6.0048302 -1.0828368 2.2065840 5.6228904 3.7921812 -0.1343440 